5 550 1
7 550 1
8 600 1
5 600 2
5 650 2
7 650 2
8 700 2
5 700 3
8 750 2
5 750 3
8 800 2
7 800 3
5 850 3
7 850 3
5 900 3
7 900 3
8 950 3
5 950 4
8 1000 3
5 1000 4
8 1050 3
7 1050 4
5 1100 4
7 1100 4
8 1150 3
5 1150 4
8 1200 3
7 1200 4
5 1250 4
7 1250 4
5 1300 4
7 1300 4
5 1350 4
7 1350 4
5 1400 4
7 1400 4
8 1450 3
5 1450 5
8 1500 3
5 1500 5
5 1550 5
7 1550 5
8 1600 3
7 1600 5
8 1650 3
5 1650 5
5 1700 5
7 1700 5
8 1750 4
7 1750 5
8 1800 4
5 1800 5
5 1850 5
7 1850 5
8 1900 4
7 1900 5
8 1950 4
5 1950 5
5 2000 5
7 2000 5
8 2050 4
5 2050 4
5 2100 4
7 2100 4
5 2150 4
7 2150 4
8 2200 3
5 2200 4
8 2250 3
7 2250 4
8 2300 3
5 2300 4
8 2350 3
5 2350 4
5 2400 4
7 2400 4
8 2450 3
7 2450 4
5 2500 4
7 2500 4
7 2550 4
5 2550 5
8 2600 4
7 2600 5
5 2650 5
7 2650 5
8 2700 4
7 2700 5
8 2750 4
5 2750 5
5 2800 5
7 2800 5